true_activity,predicted_activity
lying,lying
lying,lying
lying,lying
lying,standing
lying,running
lying,lying
lying,lying
lying,lying
lying,lying
lying,lying
lying,lying
lying,lying
lying,lying
lying,lying
lying,lying
lying,lying
lying,lying
lying,lying
lying,lying
lying,lying
lying,lying
lying,lying
lying,lying
lying,lying
lying,lying
lying,lying
lying,lying
lying,lying
lying,lying
lying,lying
lying,lying
lying,lying
lying,lying
lying,lying
lying,lying
lying,lying
lying,lying
lying,lying
lying,lying
lying,lying
lying,lying
lying,lying
lying,lying
lying,lying
lying,lying
lying,lying
lying,lying
lying,lying
lying,lying
lying,lying
lying,lying
lying,lying
lying,lying
lying,lying
lying,lying
lying,lying
lying,lying
lying,lying
lying,lying
lying,lying
lying,lying
lying,lying
lying,lying
lying,lying
lying,lying
lying,lying
lying,lying
lying,lying
lying,lying
lying,lying
lying,lying
lying,lying
lying,lying
lying,lying
lying,lying
lying,lying
lying,lying
lying,lying
lying,lying
lying,lying
lying,lying
lying,lying
lying,lying
lying,lying
lying,lying
lying,lying
lying,lying
lying,lying
lying,lying
lying,lying
lying,lying
lying,lying
lying,lying
lying,lying
lying,lying
lying,lying
lying,lying
lying,lying
lying,lying
lying,lying
lying,lying
lying,lying
lying,lying
lying,lying
lying,lying
lying,lying
lying,lying
lying,lying
lying,lying
lying,lying
lying,lying
lying,lying
lying,lying
lying,lying
lying,lying
lying,lying
lying,lying
lying,lying
lying,lying
lying,lying
lying,lying
lying,lying
lying,lying
lying,lying
lying,lying
lying,lying
lying,lying
lying,lying
lying,lying
lying,lying
lying,lying
lying,lying
lying,lying
lying,lying
lying,lying
lying,lying
lying,lying
lying,lying
lying,lying
lying,lying
lying,lying
lying,lying
lying,lying
lying,lying
lying,lying
lying,lying
lying,lying
lying,lying
lying,lying
lying,lying
lying,lying
lying,lying
lying,lying
lying,lying
lying,lying
lying,lying
lying,lying
lying,lying
lying,lying
lying,lying
lying,lying
lying,lying
lying,lying
lying,lying
lying,lying
lying,lying
lying,lying
lying,lying
lying,lying
lying,lying
lying,lying
lying,lying
lying,lying
lying,lying
lying,lying
lying,lying
lying,lying
lying,lying
lying,lying
lying,lying
lying,lying
lying,lying
lying,lying
lying,lying
lying,lying
lying,lying
lying,lying
lying,lying
lying,lying
lying,lying
lying,lying
lying,lying
lying,lying
lying,lying
lying,lying
lying,lying
lying,lying
lying,lying
lying,lying
lying,lying
lying,lying
lying,lying
lying,lying
lying,lying
lying,lying
lying,lying
lying,lying
lying,lying
lying,lying
lying,lying
lying,lying
lying,lying
lying,lying
lying,lying
lying,lying
lying,lying
lying,lying
lying,lying
lying,lying
lying,lying
lying,lying
lying,lying
lying,lying
lying,lying
lying,lying
lying,lying
lying,lying
lying,lying
lying,lying
lying,lying
lying,lying
lying,lying
lying,lying
lying,lying
lying,lying
lying,lying
lying,lying
lying,lying
lying,lying
lying,lying
lying,lying
lying,lying
lying,lying
lying,lying
lying,lying
lying,lying
lying,lying
lying,lying
lying,lying
lying,lying
lying,lying
lying,lying
lying,lying
lying,lying
lying,lying
lying,lying
lying,lying
lying,lying
lying,lying
lying,lying
lying,lying
lying,lying
lying,lying
lying,lying
lying,lying
lying,lying
lying,lying
lying,lying
lying,lying
lying,lying
lying,lying
lying,lying
lying,lying
lying,lying
lying,lying
lying,lying
lying,lying
lying,lying
lying,lying
lying,lying
lying,lying
lying,lying
lying,lying
lying,lying
lying,lying
lying,lying
lying,lying
lying,lying
lying,lying
lying,lying
lying,lying
lying,lying
lying,lying
lying,lying
lying,lying
lying,lying
lying,lying
lying,lying
lying,lying
lying,lying
lying,lying
lying,lying
lying,lying
lying,lying
lying,lying
lying,lying
lying,lying
lying,lying
lying,lying
lying,lying
lying,lying
lying,lying
lying,lying
lying,lying
lying,lying
lying,lying
lying,lying
lying,lying
lying,lying
lying,lying
lying,lying
lying,lying
lying,lying
lying,lying
lying,lying
lying,lying
lying,lying
lying,lying
lying,lying
lying,lying
lying,lying
lying,lying
lying,lying
lying,lying
lying,lying
lying,lying
lying,lying
lying,lying
lying,lying
lying,lying
lying,lying
lying,lying
lying,lying
lying,lying
lying,lying
lying,lying
lying,lying
lying,lying
lying,lying
lying,lying
lying,lying
lying,lying
lying,lying
lying,lying
lying,lying
lying,lying
lying,lying
lying,lying
lying,lying
lying,lying
lying,lying
lying,lying
lying,lying
lying,lying
lying,lying
lying,lying
lying,lying
lying,lying
lying,lying
lying,lying
lying,lying
lying,lying
lying,lying
lying,lying
lying,lying
lying,lying
lying,lying
lying,lying
lying,lying
lying,lying
lying,lying
lying,lying
lying,lying
lying,lying
lying,lying
lying,lying
lying,lying
lying,lying
lying,lying
lying,lying
lying,lying
lying,lying
lying,lying
lying,lying
lying,lying
lying,lying
lying,lying
lying,lying
lying,lying
lying,lying
lying,lying
lying,lying
lying,lying
lying,lying
lying,lying
lying,lying
lying,lying
lying,lying
lying,lying
lying,lying
lying,lying
lying,lying
lying,lying
lying,lying
lying,lying
lying,lying
lying,lying
running,walking
running,walking
running,walking
running,walking
running,running
running,running
running,running
running,running
running,running
running,running
running,running
running,running
running,running
running,running
running,running
running,running
running,running
running,running
running,running
running,running
running,running
running,running
running,running
running,running
running,running
running,running
running,running
running,running
running,running
running,running
running,running
running,running
running,running
running,running
running,running
running,running
running,running
running,running
running,running
running,running
running,running
running,running
running,running
running,running
running,running
running,running
running,running
running,running
running,running
running,running
running,running
running,running
running,running
running,running
running,running
running,running
running,running
running,running
running,running
running,running
running,running
running,running
running,running
running,running
running,running
running,running
running,running
running,running
running,running
running,running
running,running
running,running
running,running
running,running
running,running
running,running
running,running
running,running
running,running
running,running
running,running
running,running
running,running
running,running
running,running
running,running
running,running
running,running
running,running
running,running
running,running
running,running
running,running
running,running
running,running
running,running
running,running
running,running
running,running
running,running
running,running
running,running
running,running
running,running
running,running
running,running
running,running
running,running
running,running
running,running
running,running
running,running
running,running
running,running
running,running
running,running
running,running
running,running
running,running
running,running
running,running
running,running
running,running
running,running
running,running
running,running
running,running
running,running
running,running
running,running
running,running
running,running
running,running
running,running
running,running
running,running
running,running
running,running
running,running
running,running
running,running
running,running
running,running
running,running
running,running
running,running
running,running
running,running
running,running
running,running
running,running
running,running
running,running
running,running
running,running
running,running
running,running
running,running
running,running
running,running
running,walking
running,running
running,running
running,standing
running,running
running,running
running,running
running,running
running,running
running,running
running,running
running,running
running,running
running,running
running,running
running,running
running,running
running,running
running,running
running,standing
running,running
running,standing
running,running
running,running
running,standing
running,standing
running,standing
running,standing
running,standing
running,standing
running,standing
running,standing
running,standing
running,standing
running,standing
running,standing
running,standing
running,standing
running,standing
running,standing
running,standing
running,standing
running,standing
running,standing
running,standing
running,standing
running,standing
running,standing
running,standing
running,standing
running,standing
running,standing
running,standing
running,standing
running,standing
running,standing
running,standing
running,standing
running,standing
running,standing
running,standing
running,running
running,running
running,running
running,running
running,standing
running,standing
running,standing
running,standing
running,standing
running,running
running,standing
running,standing
running,standing
running,standing
running,standing
running,standing
running,standing
running,standing
running,standing
running,standing
running,standing
running,standing
running,standing
running,standing
running,standing
running,standing
running,standing
running,running
running,running
running,standing
running,standing
running,standing
running,standing
running,standing
running,standing
running,running
running,running
running,running
running,running
running,running
running,running
running,running
running,running
running,running
running,running
running,running
running,running
running,running
running,running
running,running
running,running
running,running
running,running
running,running
running,running
running,running
running,running
running,running
running,running
running,running
running,running
running,running
running,running
running,running
running,running
running,running
running,running
running,running
running,running
running,running
running,running
running,running
running,running
running,running
running,running
running,running
running,running
running,running
running,running
running,running
running,running
running,running
running,running
running,running
running,running
running,running
running,running
running,running
running,running
running,running
running,running
running,running
running,running
running,running
running,running
running,running
running,running
running,running
running,running
running,running
running,running
running,running
running,running
running,running
running,running
running,running
running,running
running,running
running,running
running,running
running,running
running,running
running,running
running,running
running,running
running,running
running,running
running,running
running,running
running,running
running,running
running,running
running,running
running,running
running,running
running,running
running,running
running,running
running,running
running,running
running,running
running,running
running,running
running,running
running,running
running,running
running,running
running,running
running,running
running,running
running,running
running,running
running,running
running,running
running,running
running,running
running,running
running,running
running,running
running,running
running,running
running,running
running,running
running,running
running,running
running,running
running,running
running,running
running,running
running,running
running,running
running,running
running,running
running,running
running,running
running,running
running,running
running,running
running,running
running,running
running,running
running,running
running,running
running,running
running,running
running,running
running,running
running,running
running,running
running,running
running,running
running,running
running,running
running,running
running,running
running,running
running,running
running,running
running,running
running,running
running,running
running,running
running,running
running,running
running,running
running,running
running,running
running,running
running,running
running,running
running,running
running,running
running,running
running,running
running,running
running,running
running,running
running,running
running,running
running,running
running,running
running,running
running,running
running,running
running,running
running,running
running,running
running,running
running,running
running,running
running,running
running,running
running,running
running,running
running,running
running,running
running,running
running,running
running,running
running,running
running,running
running,running
running,running
running,running
running,running
running,running
running,running
running,running
running,running
running,running
running,running
running,running
running,running
running,running
running,running
running,running
running,running
running,running
running,running
running,running
running,running
running,running
running,running
running,running
running,running
running,running
running,running
running,running
running,running
running,running
running,running
running,running
running,running
running,running
running,running
running,running
running,running
running,running
running,running
running,running
running,running
running,running
running,running
running,running
running,running
running,running
running,running
running,running
running,running
running,running
sitting,running
sitting,running
sitting,running
sitting,lying
sitting,sitting
sitting,sitting
sitting,sitting
sitting,lying
sitting,sitting
sitting,sitting
sitting,sitting
sitting,sitting
sitting,sitting
sitting,sitting
sitting,sitting
sitting,sitting
sitting,sitting
sitting,sitting
sitting,sitting
sitting,sitting
sitting,sitting
sitting,sitting
sitting,sitting
sitting,sitting
sitting,sitting
sitting,sitting
sitting,sitting
sitting,sitting
sitting,sitting
sitting,sitting
sitting,sitting
sitting,sitting
sitting,sitting
sitting,sitting
sitting,sitting
sitting,sitting
sitting,sitting
sitting,sitting
sitting,sitting
sitting,sitting
sitting,sitting
sitting,sitting
sitting,sitting
sitting,sitting
sitting,sitting
sitting,sitting
sitting,sitting
sitting,sitting
sitting,sitting
sitting,sitting
sitting,sitting
sitting,sitting
sitting,sitting
sitting,sitting
sitting,sitting
sitting,sitting
sitting,sitting
sitting,sitting
sitting,sitting
sitting,sitting
sitting,sitting
sitting,sitting
sitting,sitting
sitting,sitting
sitting,sitting
sitting,sitting
sitting,sitting
sitting,sitting
sitting,sitting
sitting,sitting
sitting,sitting
sitting,sitting
sitting,sitting
sitting,sitting
sitting,sitting
sitting,sitting
sitting,sitting
sitting,sitting
sitting,sitting
sitting,sitting
sitting,sitting
sitting,sitting
sitting,sitting
sitting,sitting
sitting,sitting
sitting,sitting
sitting,sitting
sitting,sitting
sitting,sitting
sitting,sitting
sitting,sitting
sitting,sitting
sitting,sitting
sitting,sitting
sitting,sitting
sitting,sitting
sitting,sitting
sitting,sitting
sitting,sitting
sitting,sitting
sitting,sitting
sitting,sitting
sitting,sitting
sitting,sitting
sitting,sitting
sitting,sitting
sitting,sitting
sitting,sitting
sitting,sitting
sitting,sitting
sitting,sitting
sitting,sitting
sitting,sitting
sitting,sitting
sitting,sitting
sitting,sitting
sitting,sitting
sitting,sitting
sitting,sitting
sitting,sitting
sitting,sitting
sitting,sitting
sitting,sitting
sitting,sitting
sitting,sitting
sitting,sitting
sitting,sitting
sitting,sitting
sitting,sitting
sitting,sitting
sitting,sitting
sitting,sitting
sitting,sitting
sitting,sitting
sitting,sitting
sitting,sitting
sitting,sitting
sitting,sitting
sitting,sitting
sitting,sitting
sitting,sitting
sitting,sitting
sitting,sitting
sitting,sitting
sitting,sitting
sitting,sitting
sitting,sitting
sitting,sitting
sitting,sitting
sitting,sitting
sitting,sitting
sitting,sitting
sitting,sitting
sitting,sitting
sitting,sitting
sitting,sitting
sitting,sitting
sitting,sitting
sitting,sitting
sitting,sitting
sitting,sitting
sitting,sitting
sitting,sitting
sitting,sitting
sitting,sitting
sitting,sitting
sitting,sitting
sitting,sitting
sitting,sitting
sitting,sitting
sitting,sitting
sitting,sitting
sitting,sitting
sitting,sitting
sitting,sitting
sitting,sitting
sitting,sitting
sitting,sitting
sitting,sitting
sitting,sitting
sitting,sitting
sitting,sitting
sitting,sitting
sitting,sitting
sitting,sitting
sitting,sitting
sitting,sitting
sitting,sitting
sitting,sitting
sitting,sitting
sitting,sitting
sitting,sitting
sitting,sitting
sitting,sitting
sitting,sitting
sitting,sitting
sitting,sitting
sitting,sitting
sitting,sitting
sitting,sitting
sitting,sitting
sitting,sitting
sitting,sitting
sitting,sitting
sitting,sitting
sitting,sitting
sitting,sitting
sitting,sitting
sitting,sitting
sitting,sitting
sitting,sitting
sitting,sitting
sitting,sitting
sitting,sitting
sitting,sitting
sitting,sitting
sitting,sitting
sitting,sitting
sitting,sitting
sitting,sitting
sitting,sitting
sitting,sitting
sitting,sitting
sitting,sitting
sitting,sitting
sitting,sitting
sitting,sitting
sitting,sitting
sitting,sitting
sitting,sitting
sitting,sitting
sitting,sitting
sitting,sitting
sitting,sitting
sitting,sitting
sitting,sitting
sitting,sitting
sitting,sitting
sitting,sitting
sitting,sitting
sitting,sitting
sitting,sitting
sitting,sitting
sitting,sitting
sitting,sitting
sitting,sitting
sitting,sitting
sitting,sitting
sitting,sitting
sitting,sitting
sitting,sitting
sitting,sitting
sitting,sitting
sitting,sitting
sitting,sitting
sitting,sitting
sitting,sitting
sitting,sitting
sitting,sitting
sitting,sitting
sitting,sitting
sitting,sitting
sitting,sitting
sitting,sitting
sitting,sitting
sitting,sitting
sitting,sitting
sitting,sitting
sitting,sitting
sitting,sitting
sitting,sitting
sitting,sitting
sitting,sitting
sitting,sitting
sitting,sitting
sitting,sitting
sitting,sitting
sitting,sitting
sitting,sitting
sitting,sitting
sitting,sitting
sitting,sitting
sitting,sitting
sitting,sitting
sitting,sitting
sitting,sitting
sitting,sitting
sitting,sitting
sitting,sitting
sitting,sitting
sitting,sitting
sitting,sitting
sitting,sitting
sitting,sitting
sitting,sitting
sitting,sitting
sitting,sitting
sitting,sitting
sitting,sitting
sitting,sitting
sitting,sitting
sitting,sitting
sitting,sitting
sitting,sitting
sitting,sitting
sitting,sitting
sitting,sitting
sitting,sitting
sitting,sitting
sitting,sitting
sitting,sitting
sitting,sitting
sitting,sitting
sitting,sitting
sitting,sitting
sitting,sitting
sitting,sitting
sitting,sitting
sitting,sitting
sitting,sitting
sitting,sitting
sitting,sitting
sitting,sitting
sitting,sitting
sitting,sitting
sitting,sitting
sitting,sitting
sitting,sitting
sitting,sitting
sitting,sitting
sitting,sitting
sitting,sitting
sitting,sitting
sitting,sitting
sitting,sitting
sitting,sitting
sitting,sitting
sitting,sitting
sitting,sitting
sitting,sitting
sitting,sitting
sitting,sitting
sitting,sitting
sitting,sitting
sitting,sitting
sitting,sitting
sitting,sitting
sitting,sitting
sitting,sitting
sitting,sitting
sitting,sitting
sitting,sitting
sitting,sitting
sitting,sitting
sitting,sitting
sitting,sitting
sitting,sitting
sitting,sitting
sitting,sitting
sitting,sitting
sitting,sitting
sitting,sitting
sitting,sitting
sitting,sitting
sitting,sitting
sitting,sitting
sitting,sitting
sitting,sitting
sitting,sitting
sitting,sitting
sitting,sitting
sitting,sitting
sitting,sitting
sitting,sitting
sitting,sitting
sitting,sitting
sitting,sitting
sitting,sitting
sitting,sitting
sitting,sitting
sitting,sitting
sitting,sitting
sitting,sitting
sitting,sitting
sitting,sitting
sitting,sitting
sitting,sitting
sitting,sitting
sitting,sitting
sitting,sitting
sitting,sitting
sitting,sitting
sitting,sitting
sitting,sitting
sitting,sitting
sitting,sitting
sitting,sitting
sitting,sitting
sitting,sitting
sitting,sitting
sitting,sitting
sitting,sitting
sitting,sitting
sitting,sitting
sitting,sitting
sitting,sitting
sitting,sitting
sitting,sitting
sitting,sitting
sitting,sitting
sitting,sitting
sitting,sitting
sitting,sitting
sitting,sitting
sitting,sitting
sitting,lying
sitting,lying
standing,standing
standing,running
standing,running
standing,running
standing,running
standing,standing
standing,standing
standing,standing
standing,standing
standing,standing
standing,standing
standing,standing
standing,standing
standing,standing
standing,standing
standing,standing
standing,standing
standing,standing
standing,standing
standing,standing
standing,standing
standing,standing
standing,standing
standing,standing
standing,standing
standing,standing
standing,standing
standing,standing
standing,standing
standing,standing
standing,standing
standing,standing
standing,standing
standing,standing
standing,standing
standing,standing
standing,standing
standing,standing
standing,standing
standing,standing
standing,standing
standing,standing
standing,standing
standing,standing
standing,standing
standing,standing
standing,standing
standing,standing
standing,standing
standing,standing
standing,standing
standing,standing
standing,standing
standing,standing
standing,standing
standing,standing
standing,standing
standing,standing
standing,standing
standing,standing
standing,standing
standing,standing
standing,standing
standing,standing
standing,standing
standing,standing
standing,standing
standing,standing
standing,standing
standing,standing
standing,standing
standing,standing
standing,standing
standing,standing
standing,standing
standing,standing
standing,standing
standing,standing
standing,standing
standing,standing
standing,standing
standing,standing
standing,standing
standing,standing
standing,standing
standing,standing
standing,standing
standing,standing
standing,standing
standing,standing
standing,standing
standing,standing
standing,standing
standing,standing
standing,standing
standing,standing
standing,standing
standing,standing
standing,standing
standing,standing
standing,standing
standing,standing
standing,standing
standing,standing
standing,standing
standing,standing
standing,standing
standing,standing
standing,standing
standing,standing
standing,standing
standing,standing
standing,standing
standing,standing
standing,standing
standing,standing
standing,standing
standing,standing
standing,standing
standing,standing
standing,standing
standing,standing
standing,standing
standing,standing
standing,standing
standing,standing
standing,standing
standing,standing
standing,standing
standing,standing
standing,standing
standing,standing
standing,standing
standing,standing
standing,standing
standing,standing
standing,standing
standing,standing
standing,standing
standing,standing
standing,standing
standing,standing
standing,standing
standing,standing
standing,standing
standing,standing
standing,standing
standing,standing
standing,standing
standing,standing
standing,standing
standing,standing
standing,standing
standing,standing
standing,standing
standing,standing
standing,standing
standing,standing
standing,standing
standing,standing
standing,standing
standing,standing
standing,standing
standing,standing
standing,standing
standing,standing
standing,standing
standing,standing
standing,standing
standing,standing
standing,standing
standing,standing
standing,running
standing,standing
standing,standing
standing,standing
standing,standing
standing,standing
standing,standing
standing,standing
standing,standing
standing,standing
standing,standing
standing,standing
standing,standing
standing,standing
standing,standing
standing,standing
standing,standing
standing,standing
standing,standing
standing,standing
standing,standing
standing,standing
standing,standing
standing,standing
standing,standing
standing,standing
standing,standing
standing,standing
standing,standing
standing,standing
standing,standing
standing,standing
standing,standing
standing,standing
standing,standing
standing,standing
standing,standing
standing,standing
standing,standing
standing,standing
standing,standing
standing,standing
standing,standing
standing,standing
standing,standing
standing,standing
standing,standing
standing,standing
standing,standing
standing,standing
standing,standing
standing,standing
standing,standing
standing,standing
standing,standing
standing,standing
standing,standing
standing,standing
standing,standing
standing,standing
standing,standing
standing,standing
standing,standing
standing,standing
standing,standing
standing,standing
standing,standing
standing,standing
standing,standing
standing,standing
standing,standing
standing,standing
standing,standing
standing,standing
standing,standing
standing,standing
standing,standing
standing,standing
standing,standing
standing,standing
standing,standing
standing,standing
standing,standing
standing,standing
standing,standing
standing,standing
standing,standing
standing,standing
standing,standing
standing,standing
standing,standing
standing,standing
standing,standing
standing,standing
standing,standing
standing,standing
standing,standing
standing,standing
standing,standing
standing,standing
standing,standing
standing,standing
standing,standing
standing,standing
standing,standing
standing,standing
standing,standing
standing,standing
standing,standing
standing,standing
standing,standing
standing,standing
standing,standing
standing,standing
standing,standing
standing,standing
standing,standing
standing,standing
standing,standing
standing,standing
standing,standing
standing,standing
standing,standing
standing,standing
standing,standing
standing,standing
standing,standing
standing,standing
standing,standing
standing,standing
standing,standing
standing,standing
standing,standing
standing,standing
standing,standing
standing,standing
standing,standing
standing,standing
standing,standing
standing,standing
standing,standing
standing,standing
standing,standing
standing,standing
standing,running
standing,standing
standing,standing
standing,standing
standing,standing
standing,standing
standing,standing
standing,standing
standing,standing
standing,standing
standing,standing
standing,standing
standing,standing
standing,standing
standing,standing
standing,standing
standing,standing
standing,standing
standing,standing
standing,standing
standing,standing
standing,standing
standing,standing
standing,standing
standing,standing
standing,standing
standing,standing
standing,standing
standing,standing
standing,standing
standing,standing
standing,standing
standing,standing
standing,standing
standing,standing
standing,standing
standing,standing
standing,standing
standing,standing
standing,standing
standing,standing
standing,standing
standing,standing
standing,standing
standing,standing
standing,standing
standing,standing
standing,standing
standing,standing
standing,standing
standing,standing
standing,standing
standing,standing
standing,standing
standing,standing
standing,standing
standing,standing
standing,standing
standing,standing
standing,standing
standing,standing
standing,standing
standing,standing
standing,standing
standing,standing
standing,standing
standing,standing
standing,standing
standing,standing
standing,standing
standing,standing
standing,standing
standing,standing
standing,standing
standing,standing
standing,standing
standing,standing
standing,standing
standing,standing
standing,standing
standing,standing
standing,standing
standing,standing
standing,standing
standing,standing
standing,standing
standing,standing
standing,standing
standing,standing
standing,standing
standing,standing
standing,standing
standing,standing
standing,standing
standing,standing
standing,standing
standing,standing
walking,running
walking,running
walking,walking
walking,walking
walking,walking
walking,walking
walking,walking
walking,walking
walking,walking
walking,walking
walking,walking
walking,walking
walking,walking
walking,walking
walking,walking
walking,walking
walking,walking
walking,walking
walking,walking
walking,walking
walking,walking
walking,walking
walking,walking
walking,walking
walking,walking
walking,walking
walking,walking
walking,walking
walking,walking
walking,walking
walking,walking
walking,walking
walking,walking
walking,walking
walking,walking
walking,walking
walking,walking
walking,walking
walking,walking
walking,walking
walking,walking
walking,walking
walking,walking
walking,walking
walking,walking
walking,walking
walking,walking
walking,walking
walking,walking
walking,walking
walking,walking
walking,walking
walking,walking
walking,walking
walking,walking
walking,walking
walking,walking
walking,walking
walking,walking
walking,walking
walking,walking
walking,walking
walking,walking
walking,walking
walking,walking
walking,walking
walking,walking
walking,walking
walking,walking
walking,walking
walking,walking
walking,walking
walking,walking
walking,walking
walking,walking
walking,walking
walking,walking
walking,walking
walking,walking
walking,walking
walking,walking
walking,walking
walking,walking
walking,walking
walking,walking
walking,walking
walking,walking
walking,walking
walking,walking
walking,walking
walking,walking
walking,walking
walking,walking
walking,walking
walking,walking
walking,walking
walking,walking
walking,walking
walking,walking
walking,walking
walking,walking
walking,walking
walking,walking
walking,walking
walking,walking
walking,walking
walking,walking
walking,walking
walking,walking
walking,walking
walking,walking
walking,walking
walking,walking
walking,walking
walking,walking
walking,walking
walking,walking
walking,walking
walking,walking
walking,walking
walking,walking
walking,walking
walking,walking
walking,walking
walking,walking
walking,walking
walking,walking
walking,walking
walking,walking
walking,walking
walking,walking
walking,walking
walking,walking
walking,walking
walking,walking
walking,walking
walking,walking
walking,walking
walking,walking
walking,walking
walking,walking
walking,walking
walking,walking
walking,walking
walking,walking
walking,walking
walking,walking
walking,walking
walking,walking
walking,walking
walking,walking
walking,walking
walking,walking
walking,walking
walking,walking
walking,walking
walking,walking
walking,walking
walking,walking
walking,walking
walking,walking
walking,walking
walking,walking
walking,walking
walking,walking
walking,walking
walking,walking
walking,walking
walking,walking
walking,walking
walking,walking
walking,walking
walking,walking
walking,walking
walking,walking
walking,walking
walking,walking
walking,walking
walking,walking
walking,walking
walking,walking
walking,walking
walking,walking
walking,walking
walking,walking
walking,walking
walking,walking
walking,walking
walking,walking
walking,walking
walking,walking
walking,walking
walking,walking
walking,walking
walking,walking
walking,walking
walking,walking
walking,walking
walking,walking
walking,walking
walking,walking
walking,walking
walking,walking
walking,walking
walking,walking
walking,walking
walking,walking
walking,walking
walking,walking
walking,walking
walking,walking
walking,walking
walking,walking
walking,walking
walking,walking
walking,walking
walking,walking
walking,walking
walking,walking
walking,walking
walking,walking
walking,walking
walking,walking
walking,walking
walking,walking
walking,walking
walking,walking
walking,walking
walking,walking
walking,walking
walking,walking
walking,walking
walking,walking
walking,walking
walking,walking
walking,walking
walking,walking
walking,walking
walking,walking
walking,walking
walking,walking
walking,walking
walking,walking
walking,walking
walking,walking
walking,walking
walking,walking
walking,walking
walking,walking
walking,walking
walking,walking
walking,walking
walking,walking
walking,walking
walking,walking
walking,walking
walking,walking
walking,walking
walking,walking
walking,walking
walking,walking
walking,walking
walking,walking
walking,walking
walking,walking
walking,walking
walking,walking
walking,walking
walking,walking
walking,walking
walking,walking
walking,walking
walking,walking
walking,walking
walking,walking
walking,walking
walking,walking
walking,walking
walking,walking
walking,walking
walking,walking
walking,walking
walking,walking
walking,walking
walking,walking
walking,walking
walking,walking
walking,walking
walking,walking
walking,walking
walking,walking
walking,walking
walking,walking
walking,walking
walking,walking
walking,walking
walking,walking
walking,walking
walking,walking
walking,walking
walking,walking
walking,walking
walking,walking
walking,walking
walking,walking
walking,walking
walking,walking
walking,walking
walking,walking
walking,walking
walking,walking
walking,walking
walking,walking
walking,walking
walking,walking
walking,walking
walking,walking
walking,walking
walking,walking
walking,walking
walking,walking
walking,walking
walking,walking
walking,walking
walking,walking
walking,walking
walking,walking
walking,walking
walking,walking
walking,walking
walking,walking
walking,walking
walking,walking
walking,walking
walking,walking
walking,walking
walking,walking
walking,walking
walking,walking
walking,walking
walking,walking
walking,walking
walking,walking
walking,walking
walking,walking
walking,walking
walking,walking
walking,walking
walking,walking
walking,walking
walking,walking
walking,walking
walking,walking
walking,walking
walking,walking
walking,walking
walking,walking
walking,walking
walking,walking
walking,walking
walking,walking
walking,walking
walking,walking
walking,walking
walking,walking
walking,walking
walking,walking
walking,walking
walking,walking
walking,walking
walking,walking
walking,walking
walking,walking
walking,walking
walking,walking
walking,walking
walking,walking
walking,walking
walking,walking
walking,walking
walking,walking
walking,walking
walking,walking
walking,walking
walking,walking
walking,walking
walking,walking
walking,walking
walking,walking
walking,walking
walking,walking
walking,walking
walking,walking
walking,walking
walking,walking
walking,walking
walking,walking
walking,walking
walking,walking
walking,walking
walking,walking
walking,walking
walking,walking
walking,walking
walking,walking
walking,walking
walking,walking
walking,walking
walking,walking
walking,walking
walking,walking
walking,walking
walking,walking
walking,walking
walking,walking
walking,walking
walking,walking
walking,walking
walking,walking
walking,walking
walking,walking
walking,walking
walking,walking
walking,walking
walking,walking
walking,walking
walking,walking
walking,walking
walking,walking
walking,walking
walking,walking
walking,walking
walking,walking
walking,walking
walking,walking
walking,walking
walking,walking
walking,walking
walking,walking
walking,walking
walking,walking
walking,walking
walking,walking
walking,walking
walking,walking
walking,walking
walking,walking
walking,walking
walking,walking
walking,walking
walking,walking
